'road.mdl',3.33333	   	
0
'*',1
'heat'
0
10,11
0.001,1,1
1
pipe10,0,0,11,1
0,0,0

'pipe1'
0
10,0
0.0001,0.2,1
1
heat,0,0,11,1
30,11,1
0,0,0

'pipe2'
0
10,0
0.0001,0.2,1
1
pipe1,0,0,11,1
30,11,1
0,0,0

'pipe3'
0
10,0
0.0001,0.2,1
1
pipe2,0,0,11,1
30,11,1
0,0,0

'pipe4'
0
10,0
0.0001,0.2,1
1
pipe3,0,0,11,1
30,11,1
0,0,0
'pipe5'
0
10,0
0.0001,0.2,1
1
pipe4,0,0,11,1
30,11,1
0,0,0
'pipe6'
0
10,0
0.0001,0.2,1
1
pipe5,0,0,11,1
30,12,1
0,0,0
'pipe7'
0
10,0
0.0001,0.2,1
1
pipe6,0,0,11,1
30,12,1
0,0,0
'pipe8'
0
10,0
0.0001,0.2,1
1
pipe7,0,0,11,1
30,12,1
0,0,0
'pipe9'
0
10,0
0.0001,0.2,1
1
pipe8,0,0,11,1
30,12,1
0,0,0
'pipe10'
0
10,0
0.0001,0.2,1
1
pipe9,0,0,11,1
30,12,1
0,0,0

'*'
'*'
pipe1
pipe3
pipe5
pipe6
pipe8
pipe10
heat
'*'
heat
'*'
heat
'*'
0
'*'

